cam0:
  T_cam_imu:
  - [0.9999552277012158, -0.00603191153357543, 0.007290996931816412, 0.00011018857347815285]
  - [0.005994670026470383, 0.9999689294906282, 0.005118982773930891, -0.0007730487905611042]
  - [-0.007321647648062164, -0.005075046464534421, 0.9999603179022153, -0.060160984076249716]
  - [0.0, 0.0, 0.0, 1.0]
  cam_overlaps: []
  camera_model: pinhole
  distortion_coeffs: [-0.3674645003666135, 0.13685246896794986, -0.0004006812242899775, 3.0969134907500055e-05]
  distortion_model: radtan
  intrinsics: [248.7782253406866, 247.93713572288877, 176.4921016549297, 129.31466885208272]
  resolution: [346, 260]
  rostopic: /cam0/image_raw
  timeshift_cam_imu: 0.0019438323735646128
