
imu_topic: "/davis_left/imu"
event0_topic: "/davis_left/events"
event1_topic: "/davis_right/events"
image0_topic: "/davis_left/image_raw"
image1_topic: "/davis_right/image_raw"

###########################################################################################################################

#camera calibration
cam0_calib: "cam0_esvio.yaml"
cam1_calib: "cam1_esvio.yaml"

#event calibration
event0_calib: "event0_esvio.yaml"
event1_calib: "event1_esvio.yaml"



###########################################################################################################################

#Rotation from camera frame to imu frame, imu^R_cam; 
extrinsicRotation: !!opencv-matrix 
   rows: 3
   cols: 3
   dt: d
   # data: [0.99995523,  0.00599467, -0.00732165,  
   #        -0.00603191,  0.99996893, -0.00507505,
   #        0.007291,    0.00511898,  0.99996032] 
   
   #### T_i2_i * T_i_c = [0,0,1;-1,0,0;0,-1,0]* T_i_c flight version####
   data: [0.00729100,0.00511899,0.99996032,  
          -0.99995523,-0.00599467,0.00732165,
          0.00603191,-0.99996893,0.00507505 ]
#Translation from camera frame to imu frame, imu^T_cam
extrinsicTranslation: !!opencv-matrix
   rows: 3
   cols: 1
   dt: d
   # data: [ -0.00054603,0.00046837, 0.06016175]

   #### T_i2_i * T_i_c = [0,0,1;-1,0,0;0,-1,0]* T_i_c flight version####
   data: [ -0.06016175,0.00054603, -0.00046837 ]

#### T_event_imu 左event和imu的关系
extrinsicRotation_event: !!opencv-matrix
   rows: 3
   cols: 3
   dt: d
   # data: [0.99995523,  0.00599467, -0.00732165,  
   #        -0.00603191,  0.99996893, -0.00507505,
   #        0.007291,    0.00511898,  0.99996032]
   
   #### T_i2_i * T_i_c = [0,0,1;-1,0,0;0,-1,0]* T_i_c flight version####
   data: [0.00729100,0.00511899,0.99996032,  
          -0.99995523,-0.00599467,0.00732165,
          0.00603191,-0.99996893,0.00507505 ]
extrinsicTranslation_event: !!opencv-matrix
   rows: 3
   cols: 1
   dt: d
   # data: [ -0.00054603,0.00046837, 0.06016175]

   #### T_i2_i * T_i_c = [0,0,1;-1,0,0;0,-1,0]* T_i_c flight version####
   data: [ -0.06016175,0.00054603, -0.00046837 ]

T_camera_imu: 0  # 是否输入的为imu到camera 。因为实际上程序里需要的为camera到imu，如果T_camera_imu =1 那么程序里会做一个转换。但一般矫正出来的都是imu到camera   if we set the R and T as IMU to camera, we need to give an T to them
T_event_imu: 0  # 是否输入的为imu到camera 。因为实际上程序里需要的为camera到imu，如果T_camera_imu =1 那么程序里会做一个转换。但一般矫正出来的都是imu到camera   if we set the R and T as IMU to camera, we need to give an T to them

###########################################################################################################################
# 下面是右相机跟左相机之间的关系（从左相机到右相机）
Rrl: !!opencv-matrix
   rows: 3
   cols: 3
   dt: d
   data: [ 0.9999189999842378, 0.00927392731970859, -0.00871709484799569,
          -0.009231577824269699, 0.9999454511978819, 0.004885959428529005, 
          0.008761931373541011, -0.004805091126247473, 0.9999500685823629] 

Trl: !!opencv-matrix
   rows: 3
   cols: 1
   dt: d
   data: [-0.05968052204060377 , -0.0005334476469976882, 0.0005990728587972945 ]

body_T_cam1: !!opencv-matrix # camera1 到IMU的变换, 右相機到imu
   rows: 4
   cols: 4
   dt: d
   data: [-0.00137886, 0.00993717, 0.99994968, -0.06083779,   
          -0.99999365, 0.00327260, -0.00141145, -0.05913152,   
          -0.00328646, -0.99994527, 0.00993259, -0.00120388,   
           0.00000000, 0.00000000, 0.00000000, 1.00000000 ]

###########################################################################################################################
# 下面是右event跟左event之间的关系（从左event到右event）
Rrl_event: !!opencv-matrix
   rows: 3
   cols: 3
   dt: d
   data: [ 0.9999189999842378, 0.00927392731970859, -0.00871709484799569,
          -0.009231577824269699, 0.9999454511978819, 0.004885959428529005, 
          0.008761931373541011, -0.004805091126247473, 0.9999500685823629] 

Trl_event: !!opencv-matrix
   rows: 3
   cols: 1
   dt: d
   data: [-0.05968052204060377 , -0.0005334476469976882, 0.0005990728587972945 ]

body_T_event1: !!opencv-matrix # event1 到IMU的变换, 右event到imu
   rows: 4
   cols: 4
   dt: d
   data: [-0.00137886, 0.00993717, 0.99994968, -0.06083779,   
          -0.99999365, 0.00327260, -0.00141145, -0.05913152,   
          -0.00328646, -0.99994527, 0.00993259, -0.00120388,   
           0.00000000, 0.00000000, 0.00000000, 1.00000000 ]

###########################################################################################################################
#imu parameters       The more accurate parameters you provide, the better performance
# seems 0.12 & 0.02 is a better choice compared to 0.1 & 0.05
acc_n: 0.2 #4.4793336127290362e-02 #0.1 #0.2  #4.4793336127290362e-02        # accelerometer measurement noise standard deviation. #0.2   0.04
gyr_n: 0.05 #3.1404034561189407e-03 #0.025 #0.05 #3.1404034561189407e-03        # gyroscope measurement noise standard deviation.     #0.05  0.004
acc_w: 0.002 #8.0169405615955990e-04 #0.001 #0.002 #8.0169405615955990e-04        # accelerometer bias random work noise standard deviation.  #0.002
gyr_w: 4.0e-5 #2.8618210492185127e-05 #2.0e-5 #4.0e-5 #2.8618210492185127e-05       # gyroscope bias random work noise standard deviation.     #4.0e-5
g_norm: 9.80766     # gravity magnitude

