cam0:
  cam_overlaps: [1]
  camera_model: pinhole
  distortion_coeffs: [-0.3794794654640921, 0.15393049046270296, 0.0011400586965363895, -0.0019042695753031854]
  distortion_model: radtan
  intrinsics: [249.69341447817564, 248.41625664694038, 176.74240257052816, 129.47631010746218]
  resolution: [346, 260]
  rostopic: /left
cam1:
  T_cn_cnm1:
  - [0.9999189999842378, 0.00927392731970859, -0.00871709484799569, -0.05968052204060377]
  - [-0.009231577824269699, 0.9999454511978819, 0.004885959428529005, -0.0005334476469976882]
  - [0.008761931373541011, -0.004805091126247473, 0.9999500685823629, 0.0005990728587972945]
  - [0.0, 0.0, 0.0, 1.0]
  cam_overlaps: [0]
  camera_model: pinhole
  distortion_coeffs: [-0.3864639588089853, 0.1707517912637013, -0.00046695742172563157, 0.0006610867041757214]
  distortion_model: radtan
  intrinsics: [258.61441518089174, 258.00363445501824, 178.44356547141308, 135.84792628403616]
  resolution: [346, 260]
  rostopic: /right
